
12.5311
11.5528
78.4141
10.2715
11.6141
11.398
10.9354
13.7703
6.16768
18.7849
1.46881
18.078
18.7249
20.0731
22.3629
36.7128
19.4897
31.5107
15.6591
13.954
5.91804
6.07087
17.0715
7.75658
13.106
17.3669
12.549
39.4818
34.3917
20.6492
14.8805
53.4089
14.6271
17.2846
12.2684
37.5742
17.6994
15.9641
12.3963
8.00205
9.72161
10.3092
16.7359
19.4615
1.76729
16.4084
4.41941
11.3872
12.7353
15.9671
6.84515
36.2418
10.9184
15.7996
8.57094
55.1067
9.46953
17.8252
14.1996
13.7228
3.86065
10.8025
21.9865
4.01843
5.16863
78.807
